In-Order Tree Traversal: (58,40), 
(58,40), (58,9), (0,40), (27,40), (27,40), 
(27,31), (0,40), (0,40), (0,40), (0,32), 
(0,32), (0,17), 

01111100000000000000000000000000000111111111111111111100000000000000111111111000
01000111111111110000000000000000000100000000000000000111111111111111100000001000
01000000000000010000000000000000000100000000000000000000000000000000000000001000
01000111111111010000000000000000000100000000000000000111111111111111100000001000
01111100000001010000000000000000000111111111011111111100000000000000110111111000
00000000000001010000000000000000000000000001010000000000000000000000010100000000
00000000000001010000000000000000000000000001010000000000000000000000010100000000
00000000000001010000000000000000000000000001010000000000000000000000010100000000
00000000011111011111000000000000000000000001010000000000000000000000010100000000
00000000010000000001111111111111111111111111010000000000000000000000010100000000
00000000010000000000000000000000000000000000010000000000000000000000010100000000
00000000010000000001111111111111111111111111010000000000000000000000010100000000
00000000011111111011000000000000000000000001010000000000000000000000010100000000
00000000000000001010000000000000000000000001010000000000000000000000010100000000
00000000000000001010000000000000000000000001010000000000000000000000010100000000
00000000000000001010000000000000000000000001010000000000000000000000010100000000
00000000000000001010000000000000001111111111011111111111000000000000010100000000
00000000000000001010000000000000001000000000000000000001000000000000010100000000
00000000000000001010000000000000001000000000000000000001000000000000010100000000
00000000000000001010000000000000001000000000000000000001000000000000010100000000
00000000000000001010000000000000001000000000000000000001000000000000010100000000
00000000000000001010000000000000001000000000000000000001000000000000010100000000
00000000000000001010000000000000001000000000000000000001000000000000010100000000
00000000000000001010000000000000001000000000000000000001000000000000010100000000
00000000000000001010000000000000001000000000000000000001000000000000010100000000
00000000111111111011111111100000001000000000000000000001000000000000010100000000
00000000100000000000000000100000001000000000000000000001000000000000010100000000
00000000100000000000000000100000001000000000000000000001000000000000010100000000
00000000100000000000000000100000001000000000000000000001000000000000010100000000
00000000100000000000000000100000001000000000000000000001000000000000010100000000
00000000100000000000000000100000001000000000000000000001000000000000010100000000
00000000100000000000000000100000001111111111111111111111000000000000010100000000
00000000111111111111111111100000000000000000000000000000000000000000010100000000
00000000000000000000000000000000000000000000000000000000000000000011110111110000
00000000000000000000000000000000000000000000000000000000000000000010000000010000
00000000000000000000000000000000000000000000000000000000000000000010000000010000
00000000000000000000000000000000000000000000000000000000000000000010000000010000
00000000000000000000000000000000000000000000000000000000000000000011111111110000
00000000000000000000000000000000000000000000000000000000000000000000000000000000
00000000000000000000000000000000000000000000000000000000000000000000000000000000
