In-Order Tree Traversal: (149,200), 
(111,200), (111,200), (56,200), (56,200), (56,200), 
(142,126), (56,126), (97,126), (56,126), (56,126), 
(56,126), (156,89), (56,89), (93,89), (56,89), 
(56,89), (0,200), (0,200), (0,200), (0,153), 
(0,200), (0,98), (0,200), (159,48), (0,48), 
(114,48), (0,48), (61,48), (0,48), (0,48), 


00000000000000000000000000000000000000000000000000000000000000000000000000000000000000000000000000000000000000000000000000000000000000000000000000000011111111111111111000000000000000000000000000000000
00000000000000000000000000000000000000000000000000000000000000000000000000000000000000000000000000000000000000000000000000000000000000000000000000000010000000000000001000000000000000000000000000000000
00000000000000000000000000000000000000000000000000000000000000000000000000000000000000000000000000000000000000000000000000000000000000000000000000000010000000000000001000000000000000000000000000000000
00000000000000000000000000000000000000000000000000000000000000000000000000000000000000000000000000000000000000000000000000000000000000000000000000000010000000000000001000000000000000000000000000000000
00000000000000000000000000000000000000000000000000000000000000000000000000000000000000000000000000000000000000000000000000000000000000000000000000000010000000000000001000000000000000000000000000000000
01111111111111111100000000000000000000000000000000000000000000000000000000000000000000000000000000000000000000000000000000000000000000000000000000000010000000000000001000000000000000000000000000000000
01000000000000000100000000000000000000000000000000000000000000000000000000000000000000000000000000000000000000000000000000000000000000000000000000000010000000000000001000000000000000000000000000000000
01000000000000000100000000000000000000000000000000000000000000000000000000000000000000000000000000000000000000000000000000000000000000000000000000000010000000000000001000000000000000000000000000000000
01000000000000000100000000000000000000000000000000000000000000000000000000000000000000000000000000000000000000000000000000000000000000000000000000000010000000000000001000000000000000000000000000000000
01000000000000000100000000000000000000000000000000000000000000000000000000000000000000000000000000000000000000000000000000000000000000000000000000000010000000000000001000000000000000000000000000000000
01000000000000000100000000000000000000000000000000000000011111111111111111000000000000000000000000000000000000000000000000000000000000000000000000000010000000000000001000000000000000000000000000000000
01000000000000000100000000000000000000000000000000000000010000000000000001000000000000000000000000000000000000000000000000000000000000000000000000000010000000000000001000000000000000000000000000000000
01000000000000000100000000000000000000000000000000000000010000000000000001000000000000000000000000000000000000000000000000000000000000000000000000000010000000000000001000000000000000000000000000000000
01000000000000000100000000000000000000000000000000000000010000000000000001000000000000000000000000000000000000000000000000000000000000000000000000000010000000000000001000000000000000000000000000000000
01000000000000000100000000000000000000000000000000000000010000000000000001000000000000000000000000000000000000000000000000000000000000000000000000000010000000000000001000000000000000000000000000000000
01000000000000000100000000000000000000000000000000000000010000000000000001000000000000000000000000000000000000000000000000000000000000000000000000000010000000000000001000000000000000000000000000000000
01000000000000000100000000000000000000000000000000000000010000000000000001000000000000000000000000000000000000000000000000000000000000000000000000000011111111011111111000000000000000000000000000000000
01000000000000000111111111111111111111111111111111111111110000000000000001000000000000000000000000000000000000000000000000000000000000000000000000000000000001010000000000000000000000000000000000000000
01000000000000000000000000000000000000000000000000000000000000000000000001000000000000000000000000000000000000000000000000000000000000000000000000000000000001010000000000000000000000000000000000000000
01000000000000000111111111111111111111111111111111111111110000000000000001000000000000000000000000000000000000000000000000000000000000000000000000000000000001010000000000000000000000000000000000000000
01000000000000000100000000000000000000000000000000000000010000000000000001000000000000000000000000000000000000000000000000000000000000000000000000000000000001010000000000000000000000000000000000000000
01000000000000000100000000000000000000000000000000000000010000000000000001000000000000000000000000000000000000000000000000000000000000000000000000000000000001010000000000000000000000000000000000000000
01000000000000000100000000000000000000000000000000000000010000000000000001000000000000000000000000000000000000000000000000000000000000000000000000000000000001010000000000000000000000000000000000000000
01000000000000000100000000000000000000000000000000000000010000000000000001000000000000000000000000000000000000001111111111111111100000000000000000000000000001010000000000000000000000000000000000000000
01000000000000000100000000000000000000000000000000000000010000000000000001000000000000000000000000000000000000001000000000000000100000000000000000000000000001010000000000000000000000000000000000000000
01000000000000000100000000000000000000000000000000000000010000000000000001000000000000000000000000000000000000001000000000000000100000000000000000000000000001010000000000000000000000000000000000000000
01000000000000000100000000000000000000000000000000000000010000000000000001000000000000000000000000000000000000001000000000000000100000000000000000000000000001010000000000000000000000000000000000000000
01000000000000000100000000000000000000000000000000000000010000000000000001000000000000000000000000000000000000001000000000000000100000000000000000000000000001010000000000000000000000000000000000000000
01000000000000000100000000000000000000000000000000000000010000000000000001000000000000000000000000000000000000001000000000000000100000000000000000000000000001010000000000000000000000000000000000000000
01000000000000000100000000000000000000000000000000000000010000000000000001000000000000000000000000000000000000001000000000000000100000000000000000000000000001010000000000000000000000000000000000000000
01000000000000000100000000000000000000000000000000000000010000000000000001000000000000000000000000000000000000001000000000000000100000000000000000000000000001010000000000000000000000000000000000000000
01111111101111111100000000000000000000000000000000000000010000000000000001000000000000000000000000000000000000001000000000000000100000000000000000000000000001010000000000000000000000000000000000000000
00000000101000000000000000000000000000000000000000000000010000000000000001000000000000000000000000000000000000001000000000000000100000000000000000000000000001010000000000000000000000000000000000000000
00000000101000000000000000000000000000000000000000000000010000000000000001111111111111111111111111111111111111111000000000000000100000000000000000000000000001010000000000000000000000000000000000000000
00000000101000000000000000000000000000000000000000000000010000000000000000000000000000000000000000000000000000000000000000000000100000000000000000000000000001010000000000000000000000000000000000000000
00000000101000000000000000000000000000000000000000000000010000000000000001111111111111111111111111111111111111111000000000000000100000000000000000000000000001010000000000000000000000000000000000000000
00000000101000000000000000000000000000000000000000000000010000000000000001000000000000000000000000000000000000001000000000000000100000000000000000000000000001010000000000000000000000000000000000000000
00000000101000000000000000000000000000000000000000000000010000000000000001000000000000000000000000000000000000001000000000000000100000000000000000000000000001010000000000000000000000000000000000000000
00000000101000000000000000000000000000000000000000000000010000000000000001000000000000000000000000000000000000001000000000000000100000000000000000000000000001010000000000000000000000000000000000000000
00000000101000000000000000000000000000000000000000000000010000000000000001000000000000000000000000000000000000001000000000000000100000000000000000000000000001010000000000000000000000000000000000000000
00000000101000000000000000000000000000000000000000000000010000000000000001000000000000000000000000000000000000001000000000000000111111111111111111111111111111010000000000000000000000000000000000000000
00000000101000000000000000000000000000000000000000000000010000000000000001000000000000000000000000000000000000001000000000000000000000000000000000000000000000010000000000000000000000000000000000000000
00000000101000000000000000000000000000000000000000000000010000000000000001000000000000000000000000000000000000001000000000000000111111111111111111111111111011110000000000000000000000000000000000000000
00000000101000000000000000000000000000000000000000000000010000000000000001000000000000000000000000000000000000001000000000000000100000000000000000000000001010000000000000000000000000000000000000000000
00000000101000000000000000000000000000000000000000000000010000000000000001000000000000000000000000000000000000001000000000000000100000000000000000000000001010000000000000000000000000000000000000000000
00000000101000000000000000000000000000000000000000000000010000000000000001000000000000000000000000000000000000001000000000000000100000000000000000000000001010000000000000000000000000000000000000000000
00000000101000000000000000000000000000000000000000000000010000000000000001000000000000000000000000000000000000001000000000000000100000000000000000000000001010000000000000000000000000000000000000000000
01111111101111111100000000000000000000000000000000000000010000000000000001000000000000000000000000000000000000001000000000000000100000000000000000000000001010000000000000000000000000000000000000000000
01000000000000000100000000000000000000000000000000000000010000000000000001000000000000000000000000000000000000001000000000000000100000000000000000000000001010000000000000000000000000000000000000000000
01000000000000000100000000000000000000000000000000000000010000000000000001000000000000000000000000000000000000001000000000000000100000000000000000000000001010000000000000000000000000000000000000000000
01000000000000000100000000000000000000000000000000000000010000000000000001000000000000000000000000000000000000001000000000000000100000000000000000000000001010000000000000000000000000000000000000000000
01000000000000000100000000000000000000000000000000000000010000000000000001000000000000000000000000000000000000001000000000000000100000000000000000000000001010000000000000000000000000000000000000000000
01000000000000000100000000000000000000000000000000000000010000000000000001000000000000000000000000000000000000001000000000000000100000000000000000000000001010000000000000000000000000000000000000000000
01000000000000000100000000000000000000000000000000000000010000000000000001000000000000000000000000000000000000001000000000000000100000000000000000000000001010000000000000000000000000000000000000000000
01000000000000000100000000000000000000000000000000000000010000000000000001000000000000000000000000000000000000001000000000000000100000000000000000000000001010000000000000000000000000000000000000000000
01000000000000000100000000000000000000000000000000000000010000000000000001000000000000000000000000000000000000001000000000000000100000000000000000000000001010000000000000000000000000000000000000000000
01000000000000000100000000000000000000000000000000000000010000000000000001000000000000000000000000000000000000001000000000000000100000000000000000000000001010000000000000000000000000000000000000000000
01000000000000000100000000000000000000000000000000000000010000000000000001000000000000000000000000000000000000001000000000000000100000000000000000000000001010000000000000000000000000000000000000000000
01000000000000000100000000000000000000000000000000000000011111111111111111000000000000000000000000000000000000001000000000000000100000000000000000000000001010000000000000000000000000000000000000000000
01000000000000000100000000000000000000000000000000000000000000000000000000000000000000000000000000000000000000001000000000000000100000000000000000000000001010000000000000000000000000000000000000000000
01000000000000000100000000000000000000000000000000000000000000000000000000000000000000000000000000000000000000001111111111111111100000000000000000000000001010000000000000000000000000000000000000000000
01000000000000000100000000000000000000000000000000000000000000000000000000000000000000000000000000000000000000000000000000000000000000000000000000000000001010000000000000000000000000000000000000000000
01000000000000000100000000000000000000000000000000000000000000000000000000000000000000000000000000000000000000000000000000000000000000000000000000000000001010000000000000000000000000000000000000000000
01111111101111111100000000000000000000000000000000000000000000000000000000000000000000000000000000000000000000000000000000000000000000000000000000000000001010000000000000000000000000000000000000000000
00000000101000000000000000000000000000000000000000000000000000000000000000000000000000000000000000000000000000000000000000000000000000000000000000000000001010000000000000000000000000000000000000000000
00000000101000000000000000000000000000000000000000000000000000000000000000000000000000000000000000000000000000000000000000000000000000000000000000000000001010000000000000000000000000000000000000000000
00000000101000000000000000000000000000000000000000000000000000000000000000000000000000000000000000000000000000000000000000000000000000000000000000000000001010000000000000000000000000000000000000000000
00000000101000000000000000000000000000000000000000000000000000000000000000000000000000000000000000000000000000000000000000000000000000000000000000000000001010000000000000000000000000000000000000000000
00000000101000000000000000000000000000000000000000000000000000000000000000000000000000000000000000000000000000000000000000000000000000000000000000000000001010000000000000000000000000000000000000000000
00000000101000000000000000000000000000000000000000000000000000000000000000000000000000000000000000000000000000000000000000000000000000000000000000000000001010000000000000000000000000000000000000000000
00000000101000000000000000000000000000000000000000000000000000000000000000000000000000000000000000000000000000000000000000000000000000000000000000000000001010000000000000000000000000000000000000000000
00000000101000000000000000000000000000000000000000000000000000000000000000000000000000000000000000000000000000000000000000000000000000000000000000000000001010000000000000000000000000000000000000000000
00000000101000000000000000000000000000000000000000000000000000000000000000000000000000000000000000000000000000000000000000000000000000000000000000000000001010000000000000000000000000000000000000000000
00000000101000000000000000000000000000000000000000000000000000000000000000000000000000000000000000000000000000000000000000000000000000000000000000000000001010000000000000000000000000000000000000000000
00000000101000000000000000000000000000000000000000000000011111111111111111000000000000000000000000000000000000000000000000000000000000000000000000111111111011111111100000000000000000000000000000000000
00000000101000000000000000000000000000000000000000000000010000000000000001000000000000000000000000000000000000000000000000000000000000000000000000100000000000000000100000000000000000000000000000000000
00000000101000000000000000000000000000000000000000000000010000000000000001000000000000000000000000000000000000000000000000000000000000000000000000100000000000000000100000000000000000000000000000000000
00000000101000000000000000000000000000000000000000000000010000000000000001000000000000000000000000000000000000000000000000000000000000000000000000100000000000000000100000000000000000000000000000000000
00000000101000000000000000000000000000000000000000000000010000000000000001000000000000000000000000000000000000000000000000000000000000000000000000100000000000000000100000000000000000000000000000000000
00000000101000000000000000000000000000000000000000000000010000000000000001000000000000000000000000000000000011111111111111111111111111111110000000100000000000000000100000000000000000000000000000000000
00000000101000000000000000000000000000000000000000000000010000000000000001000000000000000000000000000000000010000000000000000000000000000010000000100000000000000000100000000000000000000000000000000000
00000000101000000000000000000000000000000000000000000000010000000000000001111111111111111111111111111111111110000000000000000000000000000010000000100000000000000000100000000000000000000000000000000000
00000000101000000000000000000000000000000000000000000000010000000000000000000000000000000000000000000000000000000000000000000000000000000010000000100000000000000000100000000000000000000000000000000000
00000000101000000000000000000000000000000000000000000000010000000000000001111111111111111111111111111111111110000000000000000000000000000010000000100000000000000000100000000000000000000000000000000000
00000000101000000000000000000000000000000000000000000000010000000000000001000000000000000000000000000000000010000000000000000000000000000010000000100000000000000000100000000000000000000000000000000000
00000000101000000000000000000000000000000000000000000000010000000000000001000000000000000000000000000000000010000000000000000000000000000010000000100000000000000000100000000000000000000000000000000000
00000000101000000000000000000000000000000000000000000000010000000000000001000000000000000000000000000000000010000000000000000000000000000010000000100000000000000000100000000000000000000000000000000000
00000000101000000000000000000000000000000000000000000000010000000000000001000000000000000000000000000000000010000000000000000000000000000011111111100000000000000000111000000000000000000000000000000000
00000000101000000000000000000000000000000000000000000000010000000000000001000000000000000000000000000000000010000000000000000000000000000000000000000000000000000000001000000000000000000000000000000000
00000000101000000000000000000000000000000000000000000000010000000000000001000000000000000000000000000000000010000000000000000000000000000011111111100000000000000000101000000000000000000000000000000000
00000000101000000000000000000000000000000000000000000000011111111111111111000000000000000000000000000000000010000000000000000000000000000010000000111111111111111111101000000000000000000000000000000000
00000000101000000000000000000000000000000000000000000000000000000000000000000000000000000000000000000000000010000000000000000000000000000010000000000000000000000000101000000000000000000000000000000000
00000000101000000000000000000000000000000000000000000000000000000000000000000000000000000000000000000000000010000000000000000000000000000010000000000000000000000000101000000000000000000000000000000000
00000000101000000000000000000000000000000000000000000000000000000000000000000000000000000000000000000000000010000000000000000000000000000010000000000000000000000000101000000000000000000000000000000000
00000000101000000000000000000000000000000000000000000000000000000000000000000000000000000000000000000000000010000000000000000000000000000010000000000000000000000000101000000000000000000000000000000000
00000000101000000000000000000000000000000000000000000000000000000000000000000000000000000000000000000000000010000000000000000000000000000010000000000000000000000000101000000000000000000000000000000000
00000000101000000000000000000000000000000000000000000000000000000000000000000000000000000000000000000000000010000000000000000000000000000010000000000000000000000000101000000000000000000000000000000000
00000000101000000000000000000000000000000000000000000000000000000000000000000000000000000000000000000000000011111111111111111111111111111110000000000000000000000000101000000000000000000000000000000000
00000000101000000000000000000000000000000000000000000000000000000000000000000000000000000000000000000000000000000000000000000000000000000000000000000000000000000000101000000000000000000000000000000000
00000000101000000000000000000000000000000000000000000000000000000000000000000000000000000000000000000000000000000000000000000000000000000000000000000000000000000000101000000000000000000000000000000000
00000000101000000000000000000000000000000000000000000000000000000000000000000000000000000000000000000000000000000000000000000000000000000000000000000000000000000000101000000000000000000000000000000000
00000000101000000000000000000000000000000000000000000000000000000000000000000000000000000000000000000000000000000000000000000000000000000000000000000000000000000000101000000000000000000000000000000000
00000000101000000000000000000000000000000000000000000000000000000000000000000000000000000000000000000000000000000000000000000000000000000000000000000000000000000000101000000000000000000000000000000000
00000000101000000000000000000000000000000000000000000000000000000000000000000000000000000000000000000000000000000000000000000000000000000000000000000000000000000000101000000000000000000000000000000000
00000000101000000000000000000000000000000000000000000000000000000000000000000000000000000000000000000000000000000000000000000000000000000000000000000000000000000000101000000000000000000000000000000000
01111111101111111100000000000000000000000000000000000000000000000000000000000000000000000000000000000000000000000000000000000000000000000000000000000000000000000000101000000000000000000000000000000000
01000000000000000100000000000000000000000000000000000000000000000000000000000000000000000000000000000000000000000000000000000000000000000000000000000000000000000000101000000000000000000000000000000000
01000000000000000100000000000000000000000000000000000000000000000000000000000000000000000000000000000000000000000000000000000000000000000000000000000000000000000000101000000000000000000000000000000000
01000000000000000100000000000000000000000000000000000000000000000000000000000000000000000000000000000000000000000000000000000000000000000000000000000000000000000000101000000000000000000000000000000000
01000000000000000100000000000000000000000000000000000000000000000000000000000000000000000000000000000000000000000000000000000000000000000000000000000000000000000000101000000000000000000000000000000000
01000000000000000100000000000000000000000000000000000000000000000000000000000000000000000000000000000000000000000000000000000000000000000000000000000000000000000000101000000000000000000000000000000000
01000000000000000100000000000000000000000000000000000000000000000000000000000000000000000000000000000000000000000000000000000000000000000000000000000000000001111111101111111100000000000000000000000000
01000000000000000100000000000000000000000000000000000000000000000000000000000000000000000000000000000000000000000000000000000000000000000000000000000000000001000000000000000100000000000000000000000000
01000000000000000100000000000000000000000000000000000000000000000000000000000000000000000000000000000000000000000000000000000000000000000000000000000000000001000000000000000100000000000000000000000000
01000000000000000100000000000000000000000000000000000000000000000000000000000000000000000000000000000000000000000000000000000000000000000000000000000000000001000000000000000100000000000000000000000000
01000000000000000100000000000000000000000000000000000000000000000000000000000000000000000000000000000000000000000000000000000000000000000000000000000000000001000000000000000100000000000000000000000000
01000000000000000100000000000000000000000000000000000000000000000000000000000000000000000000000000000000000000000000000000000000000000000000000000000000000001000000000000000100000000000000000000000000
01000000000000000100000000000000000000000000000000000000000000000000000000000000000000000000000000000000000000000000000000000000000000000000000000000000000001000000000000000100000000000000000000000000
01000000000000000100000000000000000000000000000000000000000000000000000000000000000000000000000000000000000000000000000000000000000000000000000000000000000001000000000000000100000000000000000000000000
01000000000000000100000000000000000000000000000000000000000000000000000000000000000000000000000000000000000000000000000000000000000000000000000000000000000001000000000000000100000000000000000000000000
01000000000000000100000000000000000000000000000000000000000000000000000000000000000000000000000000000000000000000000000000000000000000000000000000000000000001000000000000000100000000000000000000000000
01000000000000000100000000000000000000000000000000000000000000000000000000000000000000000000000000000000000000000000000000000000000000000000000000000000000001000000000000000100000000000000000000000000
01000000000000000100000000000000000000000000000000000000011111111111111111000000000000000000001111111111111111100000000000000000000000000000000000000000000001000000000000000100000000000000000000000000
01000000000000000100000000000000000000000000000000000000010000000000000001000000000000000000001000000000000000100000000000000000000000000000000000000000000001000000000000000100000000000000000000000000
01000000000000000100000000000000000000000000000000000000010000000000000001000000000000000000001000000000000000100000000000000000000000000000000000000000000001000000000000000100000000000000000000000000
01000000000000000100000000000000000000000000000000000000010000000000000001000000000000000000001000000000000000100000000000000000000000000000000000000000000001000000000000000100000000000000000000000000
01111111111111111100000000000000000000000000000000000000010000000000000001000000000000000000001000000000000000100000000000000000000000000000000000000000000001000000000000000100000000000000000000000000
00000000000000000000000000000000000000000000000000000000010000000000000001000000000000000000001000000000000000100000000000000000000000000000000000000000000001111111101111111100000000000000000000000000
00000000000000000000000000000000000000000000000000000000010000000000000001000000000000000000001000000000000000100000000000000000000000000000000000000000000000000000101000000000000000000000000000000000
00000000000000000000000000000000000000000000000000000000010000000000000001000000000000000000001000000000000000111111111111111111111111111111111111111111111111111111101000000000000000000000000000000000
00000000000000000000000000000000000000000000000000000000010000000000000001000000000000000000001000000000000000000000000000000000000000000000000000000000000000000000001000000000000000000000000000000000
00000000000000000000000000000000000000000000000000000000010000000000000001000000000000000000001000000000000000111111111111101111111111111111111111111111111111111111111000000000000000000000000000000000
00000000000000000000000000000000000000000000000000000000010000000000000001000000000000000000001000000000000000100000000000101000000000000000000000000000000000000000000000000000000000000000000000000000
00000000000000000000000000000000000000000000000000000000010000000000000001000000000000000000001000000000000000100000000000101000000000000000000000000000000000000000000000000000000000000000000000000000
00000000000000000000000000000000000000000000000000000000010000000000000001111111111111111111111000000000000000100000000000101000000000000000000000000000000000000000000000000000000000000000000000000000
00000000000000000000000000000000000000000000000000000000010000000000000000000000000000000000000000000000000000100000000000101000000000000000000000000000000000000000000000000000000000000000000000000000
00000000000000000000000000000000000000000000000000000000010000000000000001111111111111111111111000000000000000100000000000101000000000000000000000000000000000000000000000000000000000000000000000000000
00000000000000000000000000000000000000000000000000000000010000000000000001000000000000000000001000000000000000100000000000101000000000000000000000000000000000000000000000000000000000000000000000000000
00000000000000000000000000000000000000000000000000000000010000000000000001000000000000000000001000000000000000100000000000101000000000000000000000000000000000000000000000000000000000000000000000000000
00000000000000000000000000000000000000000000000000000000010000000000000001000000000000000000001111111111111111100000000000101000000000000000000000000000000000000000000000000000000000000000000000000000
00000000000000000000000000000000000000000000000000000000010000000000000001000000000000000000000000000000000000000000000000101000000000000000000000000000000000000000000000000000000000000000000000000000
00000000000000000000000000000000000000000000000000000000010000000000000001000000000000000000000000000000000000000000000000101000000000000000000000000000000000000000000000000000000000000000000000000000
00000000000000000000000000000000000000000000000000000000010000000000000001000000000000000000000000000000000000000000000000101000000000000000000000000000000000000000000000000000000000000000000000000000
00000000000000000000000000000000000000000000000000000000010000000000000001000000000000000000000000000000000000000000000000101000000000000000000000000000000000000000000000000000000000000000000000000000
00000000000000000000000000000000000000000000000000000000010000000000000001000000000000000000000000000000000000000000000000101000000000000000000000000000000000000000000000000000000000000000000000000000
00000000000000000000000000000000000000000000000000000000010000000000000001000000000000000000000000000000000000000000000000101000000000000000000000000000000000000000000000000000000000000000000000000000
00000000000000000000000000000000000000000000000000000000010000000000000001000000000000000000000000000000000000000000000000101000000000000000000000000000000000000000000000000000000000000000000000000000
00000000000000000000000000000000000000000000000000000000010000000000000001000000000000000000000000000000000000000000000000101000000000000000000000000000000000000000000000000000000000000000000000000000
00000000000000000000000000000000000000000000000000000000011111111111111111000000000000000000000000000000000000000000000000101000000000000000000000000000000000000000000000000000000000000000000000000000
00000000000000000000000000000000000000000000000000000000000000000000000000000000000000000000000000000000000000000000000000101000000000000000000000000000000000000000000000000000000000000000000000000000
00000000000000000000000000000000000000000000000000000000000000000000000000000000000000000000000000000000000000000000000000101000000000000000000000000000000000000000000000000000000000000000000000000000
00000000000000000000000000000000000000000000000000000000000000000000000000000000000000000000000000000000000000000000000000101000000000000000000000000000000000000000000000000000000000000000000000000000
00000000000000000000000000000000000000000000000000000000000000111111111111111110000000000000000000000000000000000001111111101111111100000000000000000000000000000000000000000000000000000000000000000000
00000000000000000000000000000000000000000000000000000000000000100000000000000010000000000000000000000000000000000001000000000000000100000000000000000000000000000000000000000000000000000000000000000000
00000000000000000000000000000000000000000000000000000000000000100000000000000010000000000000000000000000000000000001000000000000000100000000000000000000000000000000000000000000000000000000000000000000
00000000000000000000000000000000000000000000000000000000000000100000000000000010000000000000000000000000000000000001000000000000000100000000000000000000000000000000000000000000000000000000000000000000
00000000000000000000000000000000000000000000000000000000000000100000000000000010000000000000000000000000000000000001000000000000000100000000000000000000000000000000000000000000000000000000000000000000
00000000000000000000000000000000000000000000000000000000000000100000000000000010000000000000000000000000000000000001000000000000000100000000000000000000000000000000000000000000000000000000000000000000
00000000000000000000000000000000000000000000000000000000000000100000000000000010000000000000000000000000000000000001000000000000000100000000000000000000000000000000000000000000000000000000000000000000
00000000000000000000000000000000000000000000000000000000000000100000000000000011111111111111111111111111111111111111000000000000000111111111111111111111111111111111111111111111111100000000000000000000
00000000000000000000000000000000000000000000000000000000000000100000000000000000000000000000000000000000000000000000000000000000000000000000000000000000000000000000000000000000000100000000000000000000
00000000000000000000000000000000000000000000000000000000000000100000000000000011111111111111111111111111111111111111000000000000000111111111111111111111111111111111111111111111110100000000000000000000
00000000000000000000000000000000000000000000000000000000000000100000000000000010000000000000000000000000000000000001000000000000000100000000000000000000000000000000000000000000010100000000000000000000
00000000000000000000000000000000000000000000000000000000000000100000000000000010000000000000000000000000000000000001000000000000000100000000000000000000000000000000000000000000010100000000000000000000
00000000000000000000000000000000000000000000000000000000000000100000000000000010000000000000000000000000000000000001000000000000000100000000000000000000000000000000000000000000010100000000000000000000
00000000000000000000000000000000000000000000000000000000000000100000000000000010000000000000000000000000000000000001000000000000000100000000000000000000000000000000000000000000010100000000000000000000
00000000000000000000000000000000000000000000000000000000000000100000000000000010000000000000000000000000000000000001000000000000000100000000000000000000000000000000000000000000010100000000000000000000
00000000000000000000000000000000000000000000000000000000000000100000000000000010000000000000000000000000000000000001000000000000000100000000000000000000000000000000000000000000010100000000000000000000
00000000000000000000000000000000000000000000000000000000000000111111110111111110000000000000000000000000000000000001111111111111111100000000000000000000000000000000000000000000010100000000000000000000
00000000000000000000000000000000000000000000000000000000000000000000010100000000000000000000000000000000000000000000000000000000000000000000000000000000000000000000000000000000010100000000000000000000
00000000000000000000000000000000000000000000000000000000000000000000010100000000000000000000000000000000000000000000000000000000000000000000000000000000000000000011111111111111110111111111111111110000
00000000000000000000000000111111111111111111111000000000000000000000010100000000000000000000000000000000000000000000000000000000000000000000000000000000000000000010000000000000000000000000000000010000
00000000000000000000000000100000000000000000001000000000000000000000010100000000000000000000000000000000000000000000000000000000000000000000000000000000000000000010000000000000000000000000000000010000
00000000000000000000000000100000000000000000001000000000000000000000010100000000000000000000000000000000000000000000000000000000000000000000000000000000000000000010000000000000000000000000000000010000
00000000000000000000000000100000000000000000001000000000000000000000010100000000000000000000000000000000000000000000000000000000000000000000000000000000000000000010000000000000000000000000000000010000
00000000000000000000000000100000000000000000001000000000000000000000010100000000000000000000000000000000000000000000000000000000000000000000000000000000000000000010000000000000000000000000000000010000
00000000000000000000000000100000000000000000001000000000000000000000010100000000000000000000000000000000000000000000000000000000000000000000000000000000000000000010000000000000000000000000000000010000
00000000000000000000000000100000000000000000001000000000000000000000010100000000000000000000000000000000000000000000000000000000000000000000000000000000000000000010000000000000000000000000000000010000
00000000000000000000000000100000000000000000001000000000000000000000010100000000000000000000000000000000000000000000000000000000000000000000000000000000000000000010000000000000000000000000000000010000
00000000000000000000000000100000000000000000001111111111111111111111110100000000000000000000000000000000000000000000000000000000000000000000000000000000000000000010000000000000000000000000000000010000
00000000000000000000000000100000000000000000000000000000000000000000000100000000000000000000000000000000000000000000000000000000000000000000000000000000000000000010000000000000000000000000000000010000
00000000000000000000000000100000000000000000001111111111111111111111111100000000000000000000000000000000000000000000000000000000000000000000000000000000000000000010000000000000000000000000000000010000
00000000000000000000000000100000000000000000001000000000000000000000000000000000000000000000000000000000000000000000000000000000000000000000000000000000000000000010000000000000000000000000000000010000
00000000000000000000000000100000000000000000001000000000000000000000000000000000000000000000000000000000000000000000000000000000000000000000000000000000000000000010000000000000000000000000000000010000
00000000000000000000000000100000000000000000001000000000000000000000000000000000000000000000000000000000000000000000000000000000000000000000000000000000000000000010000000000000000000000000000000010000
00000000000000000000000000100000000000000000001000000000000000000000000000000000000000000000000000000000000000000000000000000000000000000000000000000000000000000010000000000000000000000000000000010000
00000000000000000000000000100000000000000000001000000000000000000000000000000000000000000000000000000000000000000000000000000000000000000000000000000000000000000010000000000000000000000000000000010000
00000000000000000000000000100000000000000000001000000000000000000000000000000000000000000000000000000000000000000000000000000000000000000000000000000000000000000010000000000000000000000000000000010000
00000000000000000000000000100000000000000000001000000000000000000000000000000000000000000000000000000000000000000000000000000000000000000000000000000000000000000010000000000000000000000000000000010000
00000000000000000000000000111111111111111111111000000000000000000000000000000000000000000000000000000000000000000000000000000000000000000000000000000000000000000011111111111111111111111111111111110000
00000000000000000000000000000000000000000000000000000000000000000000000000000000000000000000000000000000000000000000000000000000000000000000000000000000000000000000000000000000000000000000000000000000
00000000000000000000000000000000000000000000000000000000000000000000000000000000000000000000000000000000000000000000000000000000000000000000000000000000000000000000000000000000000000000000000000000000
00000000000000000000000000000000000000000000000000000000000000000000000000000000000000000000000000000000000000000000000000000000000000000000000000000000000000000000000000000000000000000000000000000000
00000000000000000000000000000000000000000000000000000000000000000000000000000000000000000000000000000000000000000000000000000000000000000000000000000000000000000000000000000000000000000000000000000000
00000000000000000000000000000000000000000000000000000000000000000000000000000000000000000000000000000000000000000000000000000000000000000000000000000000000000000000000000000000000000000000000000000000
00000000000000000000000000000000000000000000000000000000000000000000000000000000000000000000000000000000000000000000000000000000000000000000000000000000000000000000000000000000000000000000000000000000
00000000000000000000000000000000000000000000000000000000000000000000000000000000000000000000000000000000000000000000000000000000000000000000000000000000000000000000000000000000000000000000000000000000
00000000000000000000000000000000000000000000000000000000000000000000000000000000000000000000000000000000000000000000000000000000000000000000000000000000000000000000000000000000000000000000000000000000
00000000000000000000000000000000000000000000000000000000000000000000000000000000000000000000000000000000000000000000000000000000000000000000000000000000000000000000000000000000000000000000000000000000
00000000000000000000000000000000000000000000000000000000000000000000000000000000000000000000000000000000000000000000000000000000000000000000000000000000000000000000000000000000000000000000000000000000
